0 0 -1 
-0.05 -0.1 -1 
-0.1 -0.2 -1 
-0.15 -0.3 -1 
-0.2 -0.4 -1 
-0.25 -0.5 -1 
-0.3 -0.6 -1 
-0.35 -0.7 -1 
-0.4 -0.8 -1 
-0.45 -0.9 -1 
-0.5 -1 -1 
0 0 -0.9 
-0.05 -0.1 -0.9 
-0.1 -0.2 -0.9 
-0.15 -0.3 -0.9 
-0.2 -0.4 -0.9 
-0.25 -0.5 -0.9 
-0.3 -0.6 -0.9 
-0.35 -0.7 -0.9 
-0.4 -0.8 -0.9 
-0.45 -0.9 -0.9 
0 0 -0.8 
-0.05 -0.1 -0.8 
-0.1 -0.2 -0.8 
-0.15 -0.3 -0.8 
-0.2 -0.4 -0.8 
-0.25 -0.5 -0.8 
-0.3 -0.6 -0.8 
-0.35 -0.7 -0.8 
-0.4 -0.8 -0.8 
0 0 -0.7 
-0.05 -0.1 -0.7 
-0.1 -0.2 -0.7 
-0.15 -0.3 -0.7 
-0.2 -0.4 -0.7 
-0.25 -0.5 -0.7 
-0.3 -0.6 -0.7 
0 0 -0.6 
-0.05 -0.1 -0.6 
-0.1 -0.2 -0.6 
-0.15 -0.3 -0.6 
-0.2 -0.4 -0.6 
-0.25 -0.5 -0.6 
0 0 -0.5 
-0.05 -0.1 -0.5 
-0.1 -0.2 -0.5 
-0.15 -0.3 -0.5 
-0.2 -0.4 -0.5 
-0.25 -0.5 -0.5 
0 0 -0.4 
-0.05 -0.1 -0.4 
-0.1 -0.2 -0.4 
-0.15 -0.3 -0.4 
0 0 -0.3 
-0.05 -0.1 -0.3 
-0.1 -0.2 -0.3 
0 0 -0.2 
-0.05 -0.1 -0.2 
0 0 -0.1 
0 0 0 
0 0 -0.8 
-0.05 -0.1 -0.8 
-0.1 -0.2 -0.8 
-0.15 -0.3 -0.8 
-0.2 -0.4 -0.8 
-0.25 -0.5 -0.8 
-0.3 -0.6 -0.8 
-0.35 -0.7 -0.8 
-0.4 -0.8 -0.8 
-0.45 -0.9 -0.8 
0 0 -0.7 
-0.05 -0.1 -0.7 
-0.1 -0.2 -0.7 
-0.15 -0.3 -0.7 
-0.2 -0.4 -0.7 
-0.25 -0.5 -0.7 
-0.3 -0.6 -0.7 
-0.35 -0.7 -0.7 
-0.4 -0.8 -0.7 
0 0 -0.6 
-0.05 -0.1 -0.6 
-0.1 -0.2 -0.6 
-0.15 -0.3 -0.6 
-0.2 -0.4 -0.6 
-0.25 -0.5 -0.6 
-0.3 -0.6 -0.6 
0 0 -0.5 
-0.05 -0.1 -0.5 
-0.1 -0.2 -0.5 
-0.15 -0.3 -0.5 
-0.2 -0.4 -0.5 
-0.25 -0.5 -0.5 
0 0 -0.4 
-0.05 -0.1 -0.4 
-0.1 -0.2 -0.4 
-0.15 -0.3 -0.4 
-0.2 -0.4 -0.4 
-0.25 -0.5 -0.4 
0 0 -0.3 
-0.05 -0.1 -0.3 
-0.1 -0.2 -0.3 
-0.15 -0.3 -0.3 
-0.2 -0.4 -0.3 
0 0 -0.2 
-0.05 -0.1 -0.2 
-0.1 -0.2 -0.2 
0 0 -0.1 
-0.05 -0.1 -0.1 
0 0 0 
0 0 0.1 
0 0 -0.6 
-0.05 -0.1 -0.6 
-0.1 -0.2 -0.6 
-0.15 -0.3 -0.6 
-0.2 -0.4 -0.6 
-0.25 -0.5 -0.6 
-0.3 -0.6 -0.6 
-0.35 -0.7 -0.6 
-0.4 -0.8 -0.6 
0 0 -0.5 
-0.05 -0.1 -0.5 
-0.1 -0.2 -0.5 
-0.15 -0.3 -0.5 
-0.2 -0.4 -0.5 
-0.25 -0.5 -0.5 
-0.3 -0.6 -0.5 
-0.35 -0.7 -0.5 
0 0 -0.4 
-0.05 -0.1 -0.4 
-0.1 -0.2 -0.4 
-0.15 -0.3 -0.4 
-0.2 -0.4 -0.4 
-0.25 -0.5 -0.4 
-0.3 -0.6 -0.4 
0 0 -0.3 
-0.05 -0.1 -0.3 
-0.1 -0.2 -0.3 
-0.15 -0.3 -0.3 
-0.2 -0.4 -0.3 
-0.25 -0.5 -0.3 
0 0 -0.2 
-0.05 -0.1 -0.2 
-0.1 -0.2 -0.2 
-0.15 -0.3 -0.2 
-0.2 -0.4 -0.2 
0 0 -0.1 
-0.05 -0.1 -0.1 
-0.1 -0.2 -0.1 
-0.15 -0.3 -0.1 
0 0 0 
-0.05 -0.1 0 
0 0 0.1 
0 0 0.2 
0 0 -0.4 
-0.05 -0.1 -0.4 
-0.1 -0.2 -0.4 
-0.15 -0.3 -0.4 
-0.2 -0.4 -0.4 
-0.25 -0.5 -0.4 
-0.3 -0.6 -0.4 
0 0 -0.3 
-0.05 -0.1 -0.3 
-0.1 -0.2 -0.3 
-0.15 -0.3 -0.3 
-0.2 -0.4 -0.3 
-0.25 -0.5 -0.3 
0 0 -0.2 
-0.05 -0.1 -0.2 
-0.1 -0.2 -0.2 
-0.15 -0.3 -0.2 
-0.2 -0.4 -0.2 
0 0 -0.1 
-0.05 -0.1 -0.1 
-0.1 -0.2 -0.1 
-0.15 -0.3 -0.1 
0 0 0 
-0.05 -0.1 0 
-0.1 -0.2 0 
0 0 0.1 
-0.05 -0.1 0.1 
0 0 0.2 
0 0 -0.2 
-0.05 -0.1 -0.2 
-0.1 -0.2 -0.2 
-0.15 -0.3 -0.2 
-0.2 -0.4 -0.2 
-0.25 -0.5 -0.2 
0 0 -0.1 
-0.05 -0.1 -0.1 
-0.1 -0.2 -0.1 
-0.15 -0.3 -0.1 
-0.2 -0.4 -0.1 
-0.25 -0.5 -0.1 
0 0 5.55112e-017 
-0.05 -0.1 5.55112e-017 
-0.1 -0.2 5.55112e-017 
-0.15 -0.3 5.55112e-017 
0 0 0.1 
-0.05 -0.1 0.1 
-0.1 -0.2 0.1 
0 0 0.2 
-0.05 -0.1 0.2 
0 0 0.3 
0 0 0 
-0.05 -0.1 0 
-0.1 -0.2 0 
-0.15 -0.3 0 
-0.2 -0.4 0 
-0.25 -0.5 0 
0 0 0.1 
-0.05 -0.1 0.1 
-0.1 -0.2 0.1 
-0.15 -0.3 0.1 
-0.2 -0.4 0.1 
0 0 0.2 
-0.05 -0.1 0.2 
-0.1 -0.2 0.2 
0 0 0.3 
-0.05 -0.1 0.3 
0 0 0.4 
0 0 0.5 
0 0 0.2 
-0.05 -0.1 0.2 
-0.1 -0.2 0.2 
-0.15 -0.3 0.2 
0 0 0.3 
-0.05 -0.1 0.3 
-0.1 -0.2 0.3 
0 0 0.4 
-0.05 -0.1 0.4 
0 0 0.5 
0 0 0.4 
-0.05 -0.1 0.4 
-0.1 -0.2 0.4 
0 0 0.5 
-0.05 -0.1 0.5 
0 0 0.6 
0 0 0.6 
-0.05 -0.1 0.6 
0 0 0.7 
0 0 0.8 
0 0 1 
0 0 1 
0 -1 0 
0 -0.9 0 
0 -0.8 0 
0 -0.7 0 
0 -0.6 0 
0 -0.5 0 
0 -0.4 0 
0 -0.3 0 
0 -0.2 0 
0 -0.1 0 
0 0 0 
-0.05 -1 -0.1 
-0.05 -0.9 -0.1 
-0.05 -0.8 -0.1 
-0.05 -0.7 -0.1 
-0.05 -0.6 -0.1 
-0.05 -0.5 -0.1 
-0.05 -0.4 -0.1 
-0.05 -0.3 -0.1 
-0.05 -0.2 -0.1 
-0.05 -0.1 -0.1 
-0.1 -1 -0.2 
-0.1 -0.9 -0.2 
-0.1 -0.8 -0.2 
-0.1 -0.7 -0.2 
-0.1 -0.6 -0.2 
-0.1 -0.5 -0.2 
-0.1 -0.4 -0.2 
-0.1 -0.3 -0.2 
-0.1 -0.2 -0.2 
-0.15 -1 -0.3 
-0.15 -0.9 -0.3 
-0.15 -0.8 -0.3 
-0.15 -0.7 -0.3 
-0.15 -0.6 -0.3 
-0.15 -0.5 -0.3 
-0.15 -0.4 -0.3 
-0.2 -1 -0.4 
-0.2 -0.9 -0.4 
-0.2 -0.8 -0.4 
-0.2 -0.7 -0.4 
-0.2 -0.6 -0.4 
-0.2 -0.5 -0.4 
-0.25 -1 -0.5 
-0.25 -0.9 -0.5 
-0.25 -0.8 -0.5 
-0.25 -0.7 -0.5 
-0.25 -0.6 -0.5 
-0.25 -0.5 -0.5 
-0.3 -1 -0.6 
-0.3 -0.9 -0.6 
-0.3 -0.8 -0.6 
-0.3 -0.7 -0.6 
-0.35 -1 -0.7 
-0.35 -0.9 -0.7 
-0.35 -0.8 -0.7 
-0.4 -1 -0.8 
-0.4 -0.9 -0.8 
-0.45 -1 -0.9 
-0.5 -1 -1 
0 -0.8 0 
0 -0.7 0 
0 -0.6 0 
0 -0.5 0 
0 -0.4 0 
0 -0.3 0 
0 -0.2 0 
0 -0.1 0 
0 0 0 
0 0.1 0 
-0.05 -0.8 -0.1 
-0.05 -0.7 -0.1 
-0.05 -0.6 -0.1 
-0.05 -0.5 -0.1 
-0.05 -0.4 -0.1 
-0.05 -0.3 -0.1 
-0.05 -0.2 -0.1 
-0.05 -0.1 -0.1 
-0.05 -2.77556e-017 -0.1 
-0.1 -0.8 -0.2 
-0.1 -0.7 -0.2 
-0.1 -0.6 -0.2 
-0.1 -0.5 -0.2 
-0.1 -0.4 -0.2 
-0.1 -0.3 -0.2 
-0.1 -0.2 -0.2 
-0.15 -0.8 -0.3 
-0.15 -0.7 -0.3 
-0.15 -0.6 -0.3 
-0.15 -0.5 -0.3 
-0.15 -0.4 -0.3 
-0.15 -0.3 -0.3 
-0.2 -0.8 -0.4 
-0.2 -0.7 -0.4 
-0.2 -0.6 -0.4 
-0.2 -0.5 -0.4 
-0.2 -0.4 -0.4 
-0.2 -0.3 -0.4 
-0.25 -0.8 -0.5 
-0.25 -0.7 -0.5 
-0.25 -0.6 -0.5 
-0.25 -0.5 -0.5 
-0.25 -0.4 -0.5 
-0.3 -0.8 -0.6 
-0.3 -0.7 -0.6 
-0.3 -0.6 -0.6 
-0.35 -0.8 -0.7 
-0.35 -0.7 -0.7 
-0.4 -0.8 -0.8 
-0.45 -0.8 -0.9 
0 -0.6 0 
0 -0.5 0 
0 -0.4 0 
0 -0.3 0 
0 -0.2 0 
0 -0.1 0 
0 0 0 
0 0.1 0 
0 0.2 0 
-0.05 -0.6 -0.1 
-0.05 -0.5 -0.1 
-0.05 -0.4 -0.1 
-0.05 -0.3 -0.1 
-0.05 -0.2 -0.1 
-0.05 -0.1 -0.1 
-0.05 -2.77556e-017 -0.1 
-0.05 0.1 -0.1 
-0.1 -0.6 -0.2 
-0.1 -0.5 -0.2 
-0.1 -0.4 -0.2 
-0.1 -0.3 -0.2 
-0.1 -0.2 -0.2 
-0.1 -0.1 -0.2 
-0.1 0 -0.2 
-0.15 -0.6 -0.3 
-0.15 -0.5 -0.3 
-0.15 -0.4 -0.3 
-0.15 -0.3 -0.3 
-0.15 -0.2 -0.3 
-0.15 -0.1 -0.3 
-0.2 -0.6 -0.4 
-0.2 -0.5 -0.4 
-0.2 -0.4 -0.4 
-0.2 -0.3 -0.4 
-0.2 -0.2 -0.4 
-0.25 -0.6 -0.5 
-0.25 -0.5 -0.5 
-0.25 -0.4 -0.5 
-0.25 -0.3 -0.5 
-0.3 -0.6 -0.6 
-0.3 -0.5 -0.6 
-0.35 -0.6 -0.7 
-0.4 -0.6 -0.8 
0 -0.4 0 
0 -0.3 0 
0 -0.2 0 
0 -0.1 0 
0 0 0 
0 0.1 0 
0 0.2 0 
-0.05 -0.4 -0.1 
-0.05 -0.3 -0.1 
-0.05 -0.2 -0.1 
-0.05 -0.1 -0.1 
-0.05 -2.77556e-017 -0.1 
-0.05 0.1 -0.1 
-0.1 -0.4 -0.2 
-0.1 -0.3 -0.2 
-0.1 -0.2 -0.2 
-0.1 -0.1 -0.2 
-0.1 0 -0.2 
-0.15 -0.4 -0.3 
-0.15 -0.3 -0.3 
-0.15 -0.2 -0.3 
-0.15 -0.1 -0.3 
-0.2 -0.4 -0.4 
-0.2 -0.3 -0.4 
-0.2 -0.2 -0.4 
-0.25 -0.4 -0.5 
-0.25 -0.3 -0.5 
-0.3 -0.4 -0.6 
0 -0.2 0 
0 -0.1 0 
0 5.55112e-017 0 
0 0.1 0 
0 0.2 0 
0 0.3 0 
-0.05 -0.2 -0.1 
-0.05 -0.1 -0.1 
-0.05 5.55112e-017 -0.1 
-0.05 0.1 -0.1 
-0.05 0.2 -0.1 
-0.05 0.3 -0.1 
-0.1 -0.2 -0.2 
-0.1 -0.1 -0.2 
-0.1 5.55112e-017 -0.2 
-0.1 0.1 -0.2 
-0.15 -0.2 -0.3 
-0.15 -0.1 -0.3 
-0.15 5.55112e-017 -0.3 
-0.2 -0.2 -0.4 
-0.2 -0.1 -0.4 
-0.25 -0.2 -0.5 
0 0 0 
0 0.1 0 
0 0.2 0 
0 0.3 0 
0 0.4 0 
0 0.5 0 
-0.05 0 -0.1 
-0.05 0.1 -0.1 
-0.05 0.2 -0.1 
-0.05 0.3 -0.1 
-0.05 0.4 -0.1 
-0.1 0 -0.2 
-0.1 0.1 -0.2 
-0.1 0.2 -0.2 
-0.15 0 -0.3 
-0.15 0.1 -0.3 
-0.2 0 -0.4 
-0.25 0 -0.5 
0 0.2 0 
0 0.3 0 
0 0.4 0 
0 0.5 0 
-0.05 0.2 -0.1 
-0.05 0.3 -0.1 
-0.05 0.4 -0.1 
-0.1 0.2 -0.2 
-0.1 0.3 -0.2 
-0.15 0.2 -0.3 
0 0.4 0 
0 0.5 0 
0 0.6 0 
-0.05 0.4 -0.1 
-0.05 0.5 -0.1 
-0.1 0.4 -0.2 
0 0.6 0 
0 0.7 0 
-0.05 0.6 -0.1 
0 0.8 0 
0 1 0 
0 1 0 
0 0 0 
0 -0.1 0 
0 -0.2 0 
0 -0.3 0 
0 -0.4 0 
0 -0.5 0 
0 -0.6 0 
0 -0.7 0 
0 -0.8 0 
0 -0.9 0 
0 -1 0 
0 0 0.1 
0 -0.1 0.1 
0 -0.2 0.1 
0 -0.3 0.1 
0 -0.4 0.1 
0 -0.5 0.1 
0 -0.6 0.1 
0 -0.7 0.1 
0 -0.8 0.1 
0 -0.9 0.1 
0 0 0.2 
0 -0.1 0.2 
0 -0.2 0.2 
0 -0.3 0.2 
0 -0.4 0.2 
0 -0.5 0.2 
0 -0.6 0.2 
0 -0.7 0.2 
0 -0.8 0.2 
0 0 0.3 
0 -0.1 0.3 
0 -0.2 0.3 
0 -0.3 0.3 
0 -0.4 0.3 
0 -0.5 0.3 
0 -0.6 0.3 
0 0 0.4 
0 -0.1 0.4 
0 -0.2 0.4 
0 -0.3 0.4 
0 -0.4 0.4 
0 -0.5 0.4 
0 0 0.5 
0 -0.1 0.5 
0 -0.2 0.5 
0 -0.3 0.5 
0 -0.4 0.5 
0 -0.5 0.5 
0 0 0.6 
0 -0.1 0.6 
0 -0.2 0.6 
0 -0.3 0.6 
0 0 0.7 
0 -0.1 0.7 
0 -0.2 0.7 
0 0 0.8 
0 -0.1 0.8 
0 0 0.9 
0 0 1 
0 0 0 
0 -0.1 0 
0 -0.2 0 
0 -0.3 0 
0 -0.4 0 
0 -0.5 0 
0 -0.6 0 
0 -0.7 0 
0 -0.8 0 
0 -0.9 0 
0 0 0.1 
0 -0.1 0.1 
0 -0.2 0.1 
0 -0.3 0.1 
0 -0.4 0.1 
0 -0.5 0.1 
0 -0.6 0.1 
0 -0.7 0.1 
0 -0.8 0.1 
0 0 0.2 
0 -0.1 0.2 
0 -0.2 0.2 
0 -0.3 0.2 
0 -0.4 0.2 
0 -0.5 0.2 
0 -0.6 0.2 
0 0 0.3 
0 -0.1 0.3 
0 -0.2 0.3 
0 -0.3 0.3 
0 -0.4 0.3 
0 -0.5 0.3 
0 0 0.4 
0 -0.1 0.4 
0 -0.2 0.4 
0 -0.3 0.4 
0 -0.4 0.4 
0 -0.5 0.4 
0 0 0.5 
0 -0.1 0.5 
0 -0.2 0.5 
0 -0.3 0.5 
0 -0.4 0.5 
0 0 0.6 
0 -0.1 0.6 
0 -0.2 0.6 
0 0 0.7 
0 -0.1 0.7 
0 0 0.8 
0 0 0.9 
0 0 0 
0 -0.1 0 
0 -0.2 0 
0 -0.3 0 
0 -0.4 0 
0 -0.5 0 
0 -0.6 0 
0 -0.7 0 
0 -0.8 0 
0 0 0.1 
0 -0.1 0.1 
0 -0.2 0.1 
0 -0.3 0.1 
0 -0.4 0.1 
0 -0.5 0.1 
0 -0.6 0.1 
0 -0.7 0.1 
0 0 0.2 
0 -0.1 0.2 
0 -0.2 0.2 
0 -0.3 0.2 
0 -0.4 0.2 
0 -0.5 0.2 
0 -0.6 0.2 
0 0 0.3 
0 -0.1 0.3 
0 -0.2 0.3 
0 -0.3 0.3 
0 -0.4 0.3 
0 -0.5 0.3 
0 0 0.4 
0 -0.1 0.4 
0 -0.2 0.4 
0 -0.3 0.4 
0 -0.4 0.4 
0 0 0.5 
0 -0.1 0.5 
0 -0.2 0.5 
0 -0.3 0.5 
0 0 0.6 
0 -0.1 0.6 
0 0 0.7 
0 0 0.8 
0 0 0 
0 -0.1 0 
0 -0.2 0 
0 -0.3 0 
0 -0.4 0 
0 -0.5 0 
0 -0.6 0 
0 0 0.1 
0 -0.1 0.1 
0 -0.2 0.1 
0 -0.3 0.1 
0 -0.4 0.1 
0 -0.5 0.1 
0 0 0.2 
0 -0.1 0.2 
0 -0.2 0.2 
0 -0.3 0.2 
0 -0.4 0.2 
0 0 0.3 
0 -0.1 0.3 
0 -0.2 0.3 
0 -0.3 0.3 
0 0 0.4 
0 -0.1 0.4 
0 -0.2 0.4 
0 0 0.5 
0 -0.1 0.5 
0 0 0.6 
0 0 0 
0 -0.1 0 
0 -0.2 0 
0 -0.3 0 
0 -0.4 0 
0 -0.5 0 
0 0 0.1 
0 -0.1 0.1 
0 -0.2 0.1 
0 -0.3 0.1 
0 -0.4 0.1 
0 -0.5 0.1 
0 0 0.2 
0 -0.1 0.2 
0 -0.2 0.2 
0 -0.3 0.2 
0 0 0.3 
0 -0.1 0.3 
0 -0.2 0.3 
0 0 0.4 
0 -0.1 0.4 
0 0 0.5 
0 0 0 
0 -0.1 0 
0 -0.2 0 
0 -0.3 0 
0 -0.4 0 
0 -0.5 0 
0 0 0.1 
0 -0.1 0.1 
0 -0.2 0.1 
0 -0.3 0.1 
0 -0.4 0.1 
0 0 0.2 
0 -0.1 0.2 
0 -0.2 0.2 
0 0 0.3 
0 -0.1 0.3 
0 0 0.4 
0 0 0.5 
0 0 0 
0 -0.1 0 
0 -0.2 0 
0 -0.3 0 
0 0 0.1 
0 -0.1 0.1 
0 -0.2 0.1 
0 0 0.2 
0 -0.1 0.2 
0 0 0.3 
0 0 0 
0 -0.1 0 
0 -0.2 0 
0 0 0.1 
0 -0.1 0.1 
0 0 0.2 
0 0 0 
0 -0.1 0 
0 0 0.1 
0 0 0 
0 0 0 
0 0 0 
-0.5 0 0 
-0.45 0 0 
-0.4 0 0 
-0.35 0 0 
-0.3 0 0 
-0.25 0 0 
-0.2 0 0 
-0.15 0 0 
-0.1 0 0 
-0.05 0 0 
0 0 0 
-0.45 0 0 
-0.4 0 0 
-0.35 0 0 
-0.3 0 0 
-0.25 0 0 
-0.2 0 0 
-0.15 0 0 
-0.1 0 0 
-0.05 0 0 
0 0 0 
-0.4 0 0 
-0.35 0 0 
-0.3 0 0 
-0.25 0 0 
-0.2 0 0 
-0.15 0 0 
-0.1 0 0 
-0.05 0 0 
0 0 0 
-0.35 0 0 
-0.3 0 0 
-0.25 0 0 
-0.2 0 0 
-0.15 0 0 
-0.1 0 0 
-0.05 0 0 
-0.3 0 0 
-0.25 0 0 
-0.2 0 0 
-0.15 0 0 
-0.1 0 0 
-0.05 0 0 
-0.25 0 0 
-0.2 0 0 
-0.15 0 0 
-0.1 0 0 
-0.05 0 0 
0 0 0 
-0.2 0 0 
-0.15 0 0 
-0.1 0 0 
-0.05 0 0 
-0.15 0 0 
-0.1 0 0 
-0.05 0 0 
-0.1 0 0 
-0.05 0 0 
-0.05 0 0 
0 0 0 
-0.5 -0.2 -0.2 
-0.45 -0.2 -0.2 
-0.4 -0.2 -0.2 
-0.35 -0.2 -0.2 
-0.3 -0.2 -0.2 
-0.25 -0.2 -0.2 
-0.2 -0.2 -0.2 
-0.15 -0.2 -0.2 
-0.1 -0.2 -0.2 
-0.05 -0.2 -0.2 
-0.45 -0.2 -0.2 
-0.4 -0.2 -0.2 
-0.35 -0.2 -0.2 
-0.3 -0.2 -0.2 
-0.25 -0.2 -0.2 
-0.2 -0.2 -0.2 
-0.15 -0.2 -0.2 
-0.1 -0.2 -0.2 
-0.05 -0.2 -0.2 
-0.4 -0.2 -0.2 
-0.35 -0.2 -0.2 
-0.3 -0.2 -0.2 
-0.25 -0.2 -0.2 
-0.2 -0.2 -0.2 
-0.15 -0.2 -0.2 
-0.1 -0.2 -0.2 
-0.35 -0.2 -0.2 
-0.3 -0.2 -0.2 
-0.25 -0.2 -0.2 
-0.2 -0.2 -0.2 
-0.15 -0.2 -0.2 
-0.1 -0.2 -0.2 
-0.3 -0.2 -0.2 
-0.25 -0.2 -0.2 
-0.2 -0.2 -0.2 
-0.15 -0.2 -0.2 
-0.1 -0.2 -0.2 
-0.05 -0.2 -0.2 
-0.25 -0.2 -0.2 
-0.2 -0.2 -0.2 
-0.15 -0.2 -0.2 
-0.1 -0.2 -0.2 
-0.05 -0.2 -0.2 
-0.2 -0.2 -0.2 
-0.15 -0.2 -0.2 
-0.1 -0.2 -0.2 
-0.15 -0.2 -0.2 
-0.1 -0.2 -0.2 
-0.1 -0.2 -0.2 
-0.05 -0.2 -0.2 
-0.5 -0.4 -0.4 
-0.45 -0.4 -0.4 
-0.4 -0.4 -0.4 
-0.35 -0.4 -0.4 
-0.3 -0.4 -0.4 
-0.25 -0.4 -0.4 
-0.2 -0.4 -0.4 
-0.15 -0.4 -0.4 
-0.1 -0.4 -0.4 
-0.45 -0.4 -0.4 
-0.4 -0.4 -0.4 
-0.35 -0.4 -0.4 
-0.3 -0.4 -0.4 
-0.25 -0.4 -0.4 
-0.2 -0.4 -0.4 
-0.15 -0.4 -0.4 
-0.1 -0.4 -0.4 
-0.4 -0.4 -0.4 
-0.35 -0.4 -0.4 
-0.3 -0.4 -0.4 
-0.25 -0.4 -0.4 
-0.2 -0.4 -0.4 
-0.15 -0.4 -0.4 
-0.1 -0.4 -0.4 
-0.35 -0.4 -0.4 
-0.3 -0.4 -0.4 
-0.25 -0.4 -0.4 
-0.2 -0.4 -0.4 
-0.15 -0.4 -0.4 
-0.1 -0.4 -0.4 
-0.3 -0.4 -0.4 
-0.25 -0.4 -0.4 
-0.2 -0.4 -0.4 
-0.15 -0.4 -0.4 
-0.1 -0.4 -0.4 
-0.25 -0.4 -0.4 
-0.2 -0.4 -0.4 
-0.15 -0.4 -0.4 
-0.1 -0.4 -0.4 
-0.2 -0.4 -0.4 
-0.15 -0.4 -0.4 
-0.15 -0.4 -0.4 
-0.1 -0.4 -0.4 
-0.5 -0.6 -0.6 
-0.45 -0.6 -0.6 
-0.4 -0.6 -0.6 
-0.35 -0.6 -0.6 
-0.3 -0.6 -0.6 
-0.25 -0.6 -0.6 
-0.2 -0.6 -0.6 
-0.45 -0.6 -0.6 
-0.4 -0.6 -0.6 
-0.35 -0.6 -0.6 
-0.3 -0.6 -0.6 
-0.25 -0.6 -0.6 
-0.2 -0.6 -0.6 
-0.4 -0.6 -0.6 
-0.35 -0.6 -0.6 
-0.3 -0.6 -0.6 
-0.25 -0.6 -0.6 
-0.2 -0.6 -0.6 
-0.35 -0.6 -0.6 
-0.3 -0.6 -0.6 
-0.25 -0.6 -0.6 
-0.2 -0.6 -0.6 
-0.3 -0.6 -0.6 
-0.25 -0.6 -0.6 
-0.2 -0.6 -0.6 
-0.25 -0.6 -0.6 
-0.2 -0.6 -0.6 
-0.2 -0.6 -0.6 
-0.5 -0.8 -0.8 
-0.45 -0.8 -0.8 
-0.4 -0.8 -0.8 
-0.35 -0.8 -0.8 
-0.3 -0.8 -0.8 
-0.25 -0.8 -0.8 
-0.45 -0.8 -0.8 
-0.4 -0.8 -0.8 
-0.35 -0.8 -0.8 
-0.3 -0.8 -0.8 
-0.25 -0.8 -0.8 
-0.2 -0.8 -0.8 
-0.4 -0.8 -0.8 
-0.35 -0.8 -0.8 
-0.3 -0.8 -0.8 
-0.25 -0.8 -0.8 
-0.35 -0.8 -0.8 
-0.3 -0.8 -0.8 
-0.25 -0.8 -0.8 
-0.3 -0.8 -0.8 
-0.25 -0.8 -0.8 
-0.25 -0.8 -0.8 
-0.5 -1 -1 
-0.45 -1 -1 
-0.4 -1 -1 
-0.35 -1 -1 
-0.3 -1 -1 
-0.25 -1 -1 
-0.45 -1 -1 
-0.4 -1 -1 
-0.35 -1 -1 
-0.3 -1 -1 
-0.25 -1 -1 
-0.4 -1 -1 
-0.35 -1 -1 
-0.3 -1 -1 
-0.35 -1 -1 
-0.3 -1 -1 
-0.3 -1 -1 
-0.25 -1 -1 
-0.5 -1.2 -1.2 
-0.45 -1.2 -1.2 
-0.4 -1.2 -1.2 
-0.35 -1.2 -1.2 
-0.45 -1.2 -1.2 
-0.4 -1.2 -1.2 
-0.35 -1.2 -1.2 
-0.4 -1.2 -1.2 
-0.35 -1.2 -1.2 
-0.35 -1.2 -1.2 
-0.5 -1.4 -1.4 
-0.45 -1.4 -1.4 
-0.4 -1.4 -1.4 
-0.45 -1.4 -1.4 
-0.4 -1.4 -1.4 
-0.4 -1.4 -1.4 
-0.5 -1.6 -1.6 
-0.45 -1.6 -1.6 
-0.45 -1.6 -1.6 
-0.5 -1.8 -1.8 
-0.5 -2 -2 
-0.5 -2 -2 
0 0 0 
-0.05 0 0 
-0.1 0 0 
-0.15 0 0 
-0.2 0 0 
-0.25 0 0 
-0.3 0 0 
-0.35 0 0 
-0.4 0 0 
-0.45 0 0 
-0.5 0 0 
0 0 0 
-0.05 0 0 
-0.1 0 0 
-0.15 0 0 
-0.2 0 0 
-0.25 0 0 
-0.3 0 0 
-0.35 0 0 
-0.4 0 0 
-0.45 0 0 
0 0 0 
-0.05 0 0 
-0.1 0 0 
-0.15 0 0 
-0.2 0 0 
-0.25 0 0 
-0.3 0 0 
-0.35 0 0 
-0.4 0 0 
0 0 0 
-0.05 0 0 
-0.1 0 0 
-0.15 0 0 
-0.2 0 0 
-0.25 0 0 
-0.3 0 0 
0 0 0 
-0.05 0 0 
-0.1 0 0 
-0.15 0 0 
-0.2 0 0 
-0.25 0 0 
0 0 0 
-0.05 0 0 
-0.1 0 0 
-0.15 0 0 
-0.2 0 0 
-0.25 0 0 
0 0 0 
-0.05 0 0 
-0.1 0 0 
-0.15 0 0 
0 0 0 
-0.05 0 0 
-0.1 0 0 
0 0 0 
-0.05 0 0 
0 0 0 
0 0 0 
0 0 0.2 
-0.05 0 0.2 
-0.1 0 0.2 
-0.15 0 0.2 
-0.2 0 0.2 
-0.25 0 0.2 
-0.3 0 0.2 
-0.35 0 0.2 
-0.4 0 0.2 
-0.45 0 0.2 
0 0 0.2 
-0.05 0 0.2 
-0.1 0 0.2 
-0.15 0 0.2 
-0.2 0 0.2 
-0.25 0 0.2 
-0.3 0 0.2 
-0.35 0 0.2 
-0.4 0 0.2 
0 0 0.2 
-0.05 0 0.2 
-0.1 0 0.2 
-0.15 0 0.2 
-0.2 0 0.2 
-0.25 0 0.2 
-0.3 0 0.2 
0 0 0.2 
-0.05 0 0.2 
-0.1 0 0.2 
-0.15 0 0.2 
-0.2 0 0.2 
-0.25 0 0.2 
0 0 0.2 
-0.05 0 0.2 
-0.1 0 0.2 
-0.15 0 0.2 
-0.2 0 0.2 
-0.25 0 0.2 
0 0 0.2 
-0.05 0 0.2 
-0.1 0 0.2 
-0.15 0 0.2 
-0.2 0 0.2 
0 0 0.2 
-0.05 0 0.2 
-0.1 0 0.2 
0 0 0.2 
-0.05 0 0.2 
0 0 0.2 
0 0 0.2 
0 0 0.4 
-0.05 0 0.4 
-0.1 0 0.4 
-0.15 0 0.4 
-0.2 0 0.4 
-0.25 0 0.4 
-0.3 0 0.4 
-0.35 0 0.4 
-0.4 0 0.4 
0 0 0.4 
-0.05 0 0.4 
-0.1 0 0.4 
-0.15 0 0.4 
-0.2 0 0.4 
-0.25 0 0.4 
-0.3 0 0.4 
-0.35 0 0.4 
0 0 0.4 
-0.05 0 0.4 
-0.1 0 0.4 
-0.15 0 0.4 
-0.2 0 0.4 
-0.25 0 0.4 
-0.3 0 0.4 
0 0 0.4 
-0.05 0 0.4 
-0.1 0 0.4 
-0.15 0 0.4 
-0.2 0 0.4 
-0.25 0 0.4 
0 0 0.4 
-0.05 0 0.4 
-0.1 0 0.4 
-0.15 0 0.4 
-0.2 0 0.4 
0 0 0.4 
-0.05 0 0.4 
-0.1 0 0.4 
-0.15 0 0.4 
0 0 0.4 
-0.05 0 0.4 
0 0 0.4 
0 0 0.4 
0 0 0.6 
-0.05 0 0.6 
-0.1 0 0.6 
-0.15 0 0.6 
-0.2 0 0.6 
-0.25 0 0.6 
-0.3 0 0.6 
0 0 0.6 
-0.05 0 0.6 
-0.1 0 0.6 
-0.15 0 0.6 
-0.2 0 0.6 
-0.25 0 0.6 
0 0 0.6 
-0.05 0 0.6 
-0.1 0 0.6 
-0.15 0 0.6 
-0.2 0 0.6 
0 0 0.6 
-0.05 0 0.6 
-0.1 0 0.6 
-0.15 0 0.6 
0 0 0.6 
-0.05 0 0.6 
-0.1 0 0.6 
0 0 0.6 
-0.05 0 0.6 
0 0 0.6 
0 0 0.8 
-0.05 0 0.8 
-0.1 0 0.8 
-0.15 0 0.8 
-0.2 0 0.8 
-0.25 0 0.8 
0 0 0.8 
-0.05 0 0.8 
-0.1 0 0.8 
-0.15 0 0.8 
-0.2 0 0.8 
-0.25 0 0.8 
0 0 0.8 
-0.05 0 0.8 
-0.1 0 0.8 
-0.15 0 0.8 
0 0 0.8 
-0.05 0 0.8 
-0.1 0 0.8 
0 0 0.8 
-0.05 0 0.8 
0 0 0.8 
0 0 1 
-0.05 0 1 
-0.1 0 1 
-0.15 0 1 
-0.2 0 1 
-0.25 0 1 
0 0 1 
-0.05 0 1 
-0.1 0 1 
-0.15 0 1 
-0.2 0 1 
0 0 1 
-0.05 0 1 
-0.1 0 1 
0 0 1 
-0.05 0 1 
0 0 1 
0 0 1 
0 0 1.2 
-0.05 0 1.2 
-0.1 0 1.2 
-0.15 0 1.2 
0 0 1.2 
-0.05 0 1.2 
-0.1 0 1.2 
0 0 1.2 
-0.05 0 1.2 
0 0 1.2 
0 0 1.4 
-0.05 0 1.4 
-0.1 0 1.4 
0 0 1.4 
-0.05 0 1.4 
0 0 1.4 
0 0 1.6 
-0.05 0 1.6 
0 0 1.6 
0 0 1.8 
0 0 2 
0 0 2 
0 0 0 
0 0 0 
0 0 0 
0 0 0 
0 0 0 
0 0 0 
0 0 0 
0 0 0 
0 0 0 
0 0 0 
0 0 0 
-0.05 0 0 
-0.05 0 0 
-0.05 0 0 
-0.05 0 0 
-0.05 0 0 
-0.05 0 0 
-0.05 0 0 
-0.05 0 0 
-0.05 0 0 
-0.05 0 0 
-0.1 0 0 
-0.1 0 0 
-0.1 0 0 
-0.1 0 0 
-0.1 0 0 
-0.1 0 0 
-0.1 0 0 
-0.1 0 0 
-0.1 0 0 
-0.15 0 0 
-0.15 0 0 
-0.15 0 0 
-0.15 0 0 
-0.15 0 0 
-0.15 0 0 
-0.15 0 0 
-0.2 0 0 
-0.2 0 0 
-0.2 0 0 
-0.2 0 0 
-0.2 0 0 
-0.2 0 0 
-0.25 0 0 
-0.25 0 0 
-0.25 0 0 
-0.25 0 0 
-0.25 0 0 
-0.25 0 0 
-0.3 0 0 
-0.3 0 0 
-0.3 0 0 
-0.3 0 0 
-0.35 0 0 
-0.35 0 0 
-0.35 0 0 
-0.4 0 0 
-0.4 0 0 
-0.45 0 0 
-0.5 0 0 
0 0.2 0 
0 0.2 0 
0 0.2 0 
0 0.2 0 
0 0.2 0 
0 0.2 0 
0 0.2 0 
0 0.2 0 
0 0.2 0 
0 0.2 0 
-0.05 0.2 0 
-0.05 0.2 0 
-0.05 0.2 0 
-0.05 0.2 0 
-0.05 0.2 0 
-0.05 0.2 0 
-0.05 0.2 0 
-0.05 0.2 0 
-0.05 0.2 0 
-0.1 0.2 0 
-0.1 0.2 0 
-0.1 0.2 0 
-0.1 0.2 0 
-0.1 0.2 0 
-0.1 0.2 0 
-0.1 0.2 0 
-0.15 0.2 0 
-0.15 0.2 0 
-0.15 0.2 0 
-0.15 0.2 0 
-0.15 0.2 0 
-0.15 0.2 0 
-0.2 0.2 0 
-0.2 0.2 0 
-0.2 0.2 0 
-0.2 0.2 0 
-0.2 0.2 0 
-0.2 0.2 0 
-0.25 0.2 0 
-0.25 0.2 0 
-0.25 0.2 0 
-0.25 0.2 0 
-0.25 0.2 0 
-0.3 0.2 0 
-0.3 0.2 0 
-0.3 0.2 0 
-0.35 0.2 0 
-0.35 0.2 0 
-0.4 0.2 0 
-0.45 0.2 0 
0 0.4 0 
0 0.4 0 
0 0.4 0 
0 0.4 0 
0 0.4 0 
0 0.4 0 
0 0.4 0 
0 0.4 0 
0 0.4 0 
-0.05 0.4 0 
-0.05 0.4 0 
-0.05 0.4 0 
-0.05 0.4 0 
-0.05 0.4 0 
-0.05 0.4 0 
-0.05 0.4 0 
-0.05 0.4 0 
-0.1 0.4 0 
-0.1 0.4 0 
-0.1 0.4 0 
-0.1 0.4 0 
-0.1 0.4 0 
-0.1 0.4 0 
-0.1 0.4 0 
-0.15 0.4 0 
-0.15 0.4 0 
-0.15 0.4 0 
-0.15 0.4 0 
-0.15 0.4 0 
-0.15 0.4 0 
-0.2 0.4 0 
-0.2 0.4 0 
-0.2 0.4 0 
-0.2 0.4 0 
-0.2 0.4 0 
-0.25 0.4 0 
-0.25 0.4 0 
-0.25 0.4 0 
-0.25 0.4 0 
-0.3 0.4 0 
-0.3 0.4 0 
-0.35 0.4 0 
-0.4 0.4 0 
0 0.6 0 
0 0.6 0 
0 0.6 0 
0 0.6 0 
0 0.6 0 
0 0.6 0 
0 0.6 0 
-0.05 0.6 0 
-0.05 0.6 0 
-0.05 0.6 0 
-0.05 0.6 0 
-0.05 0.6 0 
-0.05 0.6 0 
-0.1 0.6 0 
-0.1 0.6 0 
-0.1 0.6 0 
-0.1 0.6 0 
-0.1 0.6 0 
-0.15 0.6 0 
-0.15 0.6 0 
-0.15 0.6 0 
-0.15 0.6 0 
-0.2 0.6 0 
-0.2 0.6 0 
-0.2 0.6 0 
-0.25 0.6 0 
-0.25 0.6 0 
-0.3 0.6 0 
0 0.8 0 
0 0.8 0 
0 0.8 0 
0 0.8 0 
0 0.8 0 
0 0.8 0 
-0.05 0.8 0 
-0.05 0.8 0 
-0.05 0.8 0 
-0.05 0.8 0 
-0.05 0.8 0 
-0.05 0.8 0 
-0.1 0.8 0 
-0.1 0.8 0 
-0.1 0.8 0 
-0.1 0.8 0 
-0.15 0.8 0 
-0.15 0.8 0 
-0.15 0.8 0 
-0.2 0.8 0 
-0.2 0.8 0 
-0.25 0.8 0 
0 1 0 
0 1 0 
0 1 0 
0 1 0 
0 1 0 
0 1 0 
-0.05 1 0 
-0.05 1 0 
-0.05 1 0 
-0.05 1 0 
-0.05 1 0 
-0.1 1 0 
-0.1 1 0 
-0.1 1 0 
-0.15 1 0 
-0.15 1 0 
-0.2 1 0 
-0.25 1 0 
0 1.2 0 
0 1.2 0 
0 1.2 0 
0 1.2 0 
-0.05 1.2 0 
-0.05 1.2 0 
-0.05 1.2 0 
-0.1 1.2 0 
-0.1 1.2 0 
-0.15 1.2 0 
0 1.4 0 
0 1.4 0 
0 1.4 0 
-0.05 1.4 0 
-0.05 1.4 0 
-0.1 1.4 0 
0 1.6 0 
0 1.6 0 
-0.05 1.6 0 
0 1.8 0 
0 2 0 
0 2 0 
